-3.287e+005 6.054e+005
-7.251e+004 7.352e+004
-6.15e+004 -7.652e+004
-5.531e+004 -4.228e+004
-5.23e+004 3.157e+004
-4.608e+004 4.717e+004
-3.998e+004 -1.718e+004
-3.927e+004 -5.046e+004
-3.375e+004 -6961
-3.179e+004 6.318e+004
-2.371e+004 -5.84e+004
-2.242e+004 -3.048e+004
-2.235e+004 -3.063e+004
-2.228e+004 -3.055e+004
-1.787e+004 1.904e+004
-1.247e+004 2.789e+004
-1.174e+004 -5.266e+004
-7649 -6.659e+004
-6162 -1.166e+004
-5955 -6.466e+004
-4169 -6.837e+004
4695 -3452
8206 -9865
1.08e+004 -9540
1.485e+004 7.262e+004
1.64e+004 -3.916e+004
2.056e+004 -3.243e+004
2.123e+004 -3.366e+004
2.262e+004 -3.618e+004
2.326e+004 -3.135e+004
2.399e+004 -8.273e+004
2.534e+004 -1.296e+005
2.765e+004 -2.634e+004
2.949e+004 -2.817e+004
3.268e+004 -3.136e+004
3.696e+004 -6.238e+004
4.562e+004 -9.016e+004
5.286e+004 -7.607e+004
5.435e+004 4113
5.646e+004 1.961e+004
6.122e+004 -5.981e+004
6.611e+004 1.752e+004
6.662e+004 -4.929e+004
7.017e+004 -4.238e+004
8.859e+004 4.316e+004
8.993e+004 -3905
9.744e+004 1.071e+004
1.062e+005 2.775e+004
1.35e+005 2562
1.502e+005 1.134e+005
7.358e+005 1.253e+006
