100
-99750 12717
-61339 61748
17002 -4025
-29942 79192
64568 49321
-65178 71789
42100 2707
-39201 -97003
-81719 -27110
-70537 -66820
97705 -10862
-76183 -99066
-98218 -24424
6333 14237
20353 21433
-66753 32609
-9842 -29575
-88592 21537
56664 60521
3977 -39610
75195 45335
91180 85144
7871 -71532
-7584 -52934
72448 -58080
55931 68731
99359 99939
22300 -21512
-46757 -40544
68029 -95251
-24827 -81475
35441 -88757
-98242 83758
-44823 -45421
17582 38237
67522 45299
-3012 -58928
48747 -6308
-8408 89831
48888 -78344
19810 -22953
47002 21793
14481 -27732
-69689 -54979
-14969 60576
3421 97998
50310 -30888
-66204 31462
-1621 -87292
39952 961
-70501 89917
-71685 81024
38578 -39390
-14689 -85925
93323 36637
-69353 75451
64336 16410
-61730 -64422
63439 -4947
-68889 784
46403 -18882
-44084 13749
36448 51170
44383 -4941
-75396 -26438
66936 -92981
3403 32597
-14756 -79064
89868 84277
9909 -30802
-5655 -25004
69396 -36625
-8780 -45622
96594 -40440
47838 13456
-60802 52263
67888 -20469
180 78033
-94507 98926
14518 -89898
6265 -61187
68609 25352
31523 -60430
68432 -75335
-78014 48625
-37187 88214
-42784 -32737
-71947 46617
66924 41600
20048 49443
-49455 -71105
-99677 -87799
61248 70525
-57884 -76879
10642 -97150
-77245 -9098
50444 37230
8689 -85223
-12656 -59612
39244 -41929
1000
-12662 -53514
15574 6516
25736 -67962
827 92608
39152 84960
-62011 -32810
-64330 99036
-8512 99603
-80499 25034
-81121 -12455
86303 -90313
78924 -41997
-54540 53813
-17856 -59606
25614 20829
-9677 -6729
19565 26945
70959 65758
24955 44182
13150 -24973
-63146 47581
11026 81017
-51427 -62212
20945 39702
16923 -29740
-1108 -83923
48149 22410
24076 38224
60906 -70177
15207 73547
82311 22941
45537 -91357
33555 95306
-36998 13840
-38835 -65215
-78289 73809
70244 48863
-69024 -34617
-84130 -84680
28196 64000
9018 -10349
-18204 -40251
-6888 241
-69469 -35392
47600 -37223
65337 91815
74670 45006
-39988 88800
-74554 -86853
56993 4917
21928 91223
-85546 75127
30772 -35575
-79040 1010
-54582 -41942
83996 10233
32560 -77093
-1492 -24174
-638 58672
1852 -23527
37632 6430
21256 -20963
-98822 41575
-79876 24613
72649 -1700
49467 -620
-23978 57073
10562 -28581
91144 26170
-64684 -25150
-73675 48656
90344 22398
-94433 -34031
-88818 27842
-73675 69414
72863 19376
44328 70794
-97064 -74706
41581 23429
-56487 -86810
-66216 24821
-31803 -36119
-26487 32200
60479 61376
5307 22221
59636 80120
-71038 26035
-19517 -49260
-72692 71038
-86767 -14438
14670 -39543
9610 -54888
-37730 -77874
61608 -73058
-43150 57622
79046 57927
48759 23045
-27775 71331
-54302 72716
-54112 -50090
8481 96966
-89239 -83715
4935 -14640
-81066 -48241
78307 -53447
-70690 -74981
86328 -83978
-90582 -88256
-32719 82940
-20280 -13443
89233 67437
6845 68419
38707 -20463
-48167 -99133
5118 90960
-20261 -51781
17112 -48973
36802 89056
-12900 78045
-98566 88195
20310 57231
15336 -71514
-55535 -23399
-99145 -16416
-83551 31986
71020 -87030
62212 32414
38298 60540
6027 37126
-71447 37901
45579 55547
-93786 73736
28904 41313
-82910 10398
89581 -88244
-45006 -70965
96356 23997
-41551 84497
-26493 38908
-56273 -68816
-51891 4288
80456 -78716
80529 -11655
-83978 56420
-65642 94879
55174 74078
-57872 -8676
-99249 50127
-77190 -19059
-37773 98523
-92285 -49583
-62145 -50462
-69298 24064
77074 87817
-60869 55931
29112 31352
81829 -8908
84259 32835
-69848 27268
13907 -15592
88604 8115
15714 7291
-48943 -20609
-29948 -92676
59050 -60698
-85943 -22117
18149 -85815
-60466 -68822
28867 -9134
20859 39470
-11740 36894
-20695 67144
18442 -60082
89892 75201
-21659 97491
-62938 79144
14890 -11588
25468 41704
-90075 -42888
-47960 -18473
79064 42039
45689 79211
-21287 -20518
80773 -38279
-22379 14115
-29289 46739
49071 47276
47887 -72137
-59966 -45482
36088 82226
-26432 3531
-78124 81487
-59386 3592
30967 -12296
37529 -81915
-84088 -84845
-94440 -28983
-38554 39457
-71465 -21030
-86431 35148
44987 -60259
38804 23142
30979 8798
-80340 9073
-90075 94916
-7193 93994
45573 6192
35984 38560
-25578 -22275
-90008 61956
-66088 -87835
-37889 56896
-57506 -35618
-3067 -98169
-12027 1572
21189 51708
-19785 -30039
68529 88464
24662 99457
-89306 12571
72710 -22648
-38719 -43156
-94659 22514
-21763 -96277
-93793 -8860
71587 87353
-19620 45457
22318 61675
75085 16520
19004 -84198
58635 -7559
18125 17887
13840 63213
34550 -31285
-97955 -46538
-31687 -53581
54204 -25651
73974 -76629
45116 25785
78790 -63396
7114 80401
56017 93042
-60527 80309
59484 90680
69762 78069
25742 -62908
23386 -47002
-49870 46440
57622 -65813
42778 -3812
-83703 61309
71068 -75072
-38505 14664
-5405 52409
-61626 45555
99005 -96930
29527 38328
-65172 -85577
-45006 35325
67785 11332
-25755 55901
-53496 27647
-53667 -59081
94208 -43651
-95422 53844
-69634 -90606
-98151 -30284
28776 -31352
-17087 -16697
-81866 9037
39854 -32402
31504 75249
7096 14005
-89203 -6845
-48003 -14640
72668 -2683
-82513 13163
41881 55693
72845 70110
-41398 72875
28983 49370
65728 53124
74383 81664
82507 4392
-11966 -78472
-29197 64611
-14457 -66033
-99829 31492
54711 -87255
-82037 -22868
36778 61522
-69182 -71429
-90307 -30772
-96289 95685
29527 -89270
82830 27494
-13657 -95788
-51482 -21610
30802 56377
-95434 65209
-72314 26853
10080 96698
-7315 -57042
-39860 56432
-31492 -3879
21604 -79498
96887 51164
-69823 -8719
42326 99750
55101 28330
24241 89221
37632 -42039
13431 -41923
9647 42473
-50713 9336
-1474 90411
33964 53032
24674 -10849
59752 49107
97784 -59075
25895 81964
18259 83679
1108 -2121
-10056 77868
88079 -63414
-49608 -59398
46098 88226
25016 -91729
28269 -93097
11270 8896
-10733 -87725
99207 -74450
20182 -89929
-65441 32047
-33512 -36808
30717 -17893
-14499 -55675
35704 -66710
-491 1529
60546 -12986
-99097 -32102
-24821 -74285
65465 46660
78228 28666
30119 2896
46794 47435
91418 -6833
-27348 -77563
80932 64245
-9043 -78265
73888 52275
-92175 -16666
87225 -86450
-67028 -57744
-76617 18223
-76330 23655
16019 38060
46312 83129
33946 -40300
61773 -24363
99499 54503
-59117 -65886
-22349 -63756
16196 -60875
92029 -61950
-23655 -39201
-75835 -60369
-90753 54234
52208 76208
-99646 -10276
-14725 60308
-7730 -1028
49876 -52300
11881 -81451
84405 78765
71404 -88073
-1822 26408
49443 51213
-48851 81982
58397 -60076
10569 -89752
4434 58074
40831 -95190
46348 10672
82842 75109
59386 -38914
-21012 -3623
-89483 30393
-99829 53716
51238 -56053
-69048 -88495
34123 -93463
-30827 39573
59630 -12748
96344 27110
-40941 -4605
74871 -84143
-79803 -71355
-71398 83599
-38255 -25236
62767 -90674
62841 -52000
79577 -48698
-46129 -58397
-54125 69231
74969 77538
68957 21854
-91821 -65294
-63250 -28819
-10147 -62987
78893 24607
9268 82336
4520 46129
99866 93866
73486 68041
-70666 -25120
-43126 -65807
94751 48363
43321 -93823
29008 62542
47185 63634
-75072 43779
-24986 29966
83087 77935
-93567 54698
-10227 -98486
-54277 -16306
-68682 83807
339 -51427
50896 81304
-57305 -93579
54234 -54350
11319 61278
70403 -33677
7785 98358
73870 29374
-54454 62560
-25791 -26621
-93005 12259
-20426 -76043
-35014 79803
-59703 88037
-74987 69866
78790 -10886
-55577 26951
12015 24808
-15268 -96704
72826 -72076
-46519 -41606
36332 12290
91766 21445
57646 -15458
63677 47893
-72845 3305
-95984 -98602
49663 -33226
80425 -7547
53581 -89898
26194 -95166
36485 93817
89 41276
-46812 64470
29325 19443
-47276 68847
-7987 49632
-29679 -97101
-4691 25297
-19224 -23276
-94476 -42235
19370 76775
-13565 86309
-23405 6626
-97986 94848
73040 -12516
39927 -33409
20469 -290
11924 -92199
-24357 -53392
87469 71905
92822 21763
16794 -84710
-18595 -38939
-284 -83990
74957 -39146
56304 86578
17685 -56755
-44139 12143
74883 -49986
-39720 45427
73321 -53783
-61858 -10642
78069 14866
-94244 99048
-88153 23838
-48613 -66033
-76775 -53703
-1022 91961
-90143 -84075
-32469 -44053
3110 -1889
-17545 84942
20212 -41569
-4849 -19669
90265 9671
66985 58885
60332 18571
74017 -36387
87835 -46416
88665 43754
-74474 54979
-5423 -64818
-94665 -91675
-9043 72460
-72777 -97107
-57445 63707
59441 55931
31700 -40251
56285 84301
68426 -51476
-247 -95398
-84857 -93823
-28758 43065
-18039 -63915
-40416 -63579
48979 -73052
-88354 5124
-28227 61345
-68236 79974
-73638 -94153
-63713 63616
-50157 14139
-30619 7987
32981 74151
86505 89056
-78961 -69353
11594 60051
79028 -85498
74462 64483
-22343 9757
34391 -9812
-43724 89892
96429 45610
18961 -45524
-73608 -60411
20103 -2530
-28935 -54015
-4312 38359
89630 34227
96515 -52495
2713 -52837
79608 -3128
-34709 7498
14158 -32694
-30369 -66155
-41966 -56145
84564 47935
61400 30088
37339 -45982
53374 -87115
44353 71813
-31687 -91125
-3140 -95843
67638 23704
8115 20811
13736 55473
28007 39348
51988 73601
-68401 -15299
57292 -95715
-12326 -91571
1260 -46147
-86346 -51030
96411 1291
23106 -85797
-26499 91107
72015 -32505
-51622 -42094
-89807 98541
-65508 -86218
-55974 -39817
57372 29923
-83264 -47447
-72704 -56493
12516 -64348
26456 -78619
-9256 51769
-33238 -88519
-43498 38859
74651 13517
73699 -83758
59081 99933
27000 23771
18955 18625
-61150 95776
-53697 -91540
-52190 -48973
-18638 58989
-45506 80010
-24113 45512
-58702 -89410
20914 -29203
-27750 33622
95209 -55272
79156 -30607
90704 33024
-59667 -43529
-28910 6400
-41801 -56005
-80078 -78655
41868 68761
34373 63829
-98846 -1730
20927 87066
-41874 21165
49382 74767
82446 66021
21183 -39024
56847 -69976
8524 37809
-21073 98639
-79614 -17679
-94513 37486
-48222 -66198
-54271 -62200
72442 52660
-90478 -3354
-88769 92248
-83001 13095
92511 14780
75732 -18259
-19370 -17301
31706 64672
89038 -43376
-99554 23252
-90112 31211
-15610 90899
20792 -59825
-17124 -31889
24625 61681
-99030 -78948
-21116 -44627
-36644 64849
70702 -37693
-60466 12937
-6186 99023
-13352 -26304
-16245 -23026
16086 75549
-32517 -21323
90210 1828
-16282 21659
55351 -83270
-69762 -58415
-82531 -36546
-5637 25828
-33445 -84136
22904 -71435
-43858 64995
-12186 98883
-55809 -78533
3800 -47081
-98529 15250
54112 -78497
93841 -26115
80798 4343
-55467 -39476
-4306 -37877
-17118 52947
68322 -22178
-14505 44835
46983 -81719
-83654 50615
69396 27561
-28074 -4996
-81121 -16941
-62328 -31376
82678 -54137
-37938 -69146
-31693 -63543
-45543 -58812
-65508 -32945
-86914 381
92737 61852
-10709 82598
-64147 -3616
-5582 39848
-50279 87341
-44511 -40092
64489 63927
25980 59014
-98560 -47807
-42094 90594
71892 3488
41502 -48766
84210 -1749
-81292 65197
-84661 -43474
-23228 28654
3018 -13694
-71856 94995
-85076 -98962
82958 -17667
51067 -62468
-79656 -15372
35588 5484
64843 67437
-45701 -101
74090 -70202
94159 7675
-55864 -86651
-59075 -60454
-61419 -60094
91357 18699
47758 -41124
35966 57225
84265 85687
68865 -48204
-78912 -87622
80755 -70336
78552 -28117
91339 -23685
-33708 36912
77508 -23978
-13346 34928
-46580 -3433
5570 60411
58824 49266
-2664 65557
11808 -44243
-30564 -89172
82250 52580
-26304 -43522
-57750 -35087
-89972 76324
-50237 -19236
-71026 75054
21622 56731
-60631 -9659
52355 -13334
27293 60912
-65111 -35466
92639 41881
-60491 72576
-90539 48643
-92792 -73833
-83526 10538
13791 6601
-56224 -84564
-39079 -87109
-17747 -73260
-49663 64129
1755 -46257
97589 83306
-75652 -43113
41392 -5814
-41050 -31071
5020 62224
3446 -86535
65844 10880
-79272 1914
89337 44621
-5216 -9738
83776 9769
-26945 76873
31944 -75494
1480 -77514
-44041 9293
58257 -26164
71624 48869
-7230 -28068
-11582 17185
-24192 26408
11521 -3482
67333 -62859
-98059 -78149
-91876 -55644
-48808 -17942
41520 -11454
-73388 8811
71355 61327
-56346 84765
-37327 -71355
21372 -97943
91113 7450
-22623 -97522
-52586 77142
18491 -69481
-96692 7041
83343 30546
-55107 -18888
93164 -80584
-20084 1224
-32939 -34318
25083 -49846
-42009 6705
79736 -4386
-34367 34916
-7932 16550
-17447 84460
-75805 32945
-70263 -50523
-77685 -79595
37901 65288
-1852 -9250
30686 -16300
27982 -80157
66118 -26273
75591 4007
92456 -21061
45140 26121
-25175 62682
70513 -87213
48717 -27525
-52879 63793
56743 -45213
12644 -65056
-75152 51421
-17240 -44115
-65807 8841
-51750 -36277
-54985 31608
39683 34050
28666 -88794
-34098 90448
-35862 -38475
-67406 -26292
-44713 92224
-52757 -47838
24967 51207
16562 -45799
42430 -32420
42827 -95685
40110 26139
-74725 43974
-23820 4788
72826 18387
-967 -93841
34355 10697
-30082 14518
52855 -95471
-99872 9391
49614 -43553
58806 67046
44761 -40709
7730 -18882
-79644 -22123
-80657 33641
-67632 38188
34153 47703
77648 51317
13901 -47014
-77709 -46574
46690 95495
-2420 -57018
60240 22581
-30296 -3476
99701 -25266
89599 -55876
26054 15140
-70891 85980
-8414 28465
-90271 31150
48479 -80004
30149 -60082
-53130 46428
98907 50822
78661 9531
78356 73772
23191 43980
46214 -69616
51244 -69445
-19053 22898
43358 65996
77209 -87255
-21049 20725
-2383 -9726
52361 15757
-32853 16611
-27934 49950
-83709 -80871
99414 -91107
-20664 -78362
-17008 -13218
-46055 -9397
-55004 -47734
28349 78619
75793 -10135
-17661 -53587
92883 47874
-31657 44609
20676 24290
78845 36497
-52873 -78240
6333 43101
13590 -96979
2182 -8310
94171 77929
40477 -50835
-79290 -46666
-6742 21354
-90185 -22764
-76672 99634
47984 -91833
-99121 36052
91284 41325
50175 -71783
35655 22550
32597 95202
-85778 81481
72265 25700
77801 15030
-69561 79724
14780 -47411
-64904 25059
66863 34056
71728 -10294
96594 32023
41752 -88354
63195 49382
94830 67071
-37175 -76470
-58898 -41643
89557 68499
-50047 -56816
73235 -13822
-58855 85748
50664 -22001
-25053 11594
26145 88214
47252 47209
-22257 10038
96045 25596
-34465 -13993
25468 39134
-1975 33677
-46330 -79052
-86962 -72045
-9207 -63945
29301 71355
-46782 63518
24979 83361
-79546 -49162
-571 40226
40825 -78082
-25602 -3641
92206 -80230
-9098 -81365
4147 -34806
58104 64830
47563 12790
-89654 -62529
98175 -14560
28684 44285
80151 68590
83068 -3403
-4038 45500
51543 -23209
48924 -45201
-27421 -93756
64452 51579
-13065 -55144
-83508 -46855
25138 53453
-34770 -49059
-3006 50377
12387 -30418
39262 93426
-19663 -45463
77776 18473
21323 -30528
60283 65954
62999 -15317
-83746 26481
96509 37736
-143 -63146
13456 -52324
72399 -42216
97913 63988
-19498 -35655
-20267 31516
86175 80773
-44462 52733
5142 90454
83404 28489
-90417 -47288
-42271 58495
-48387 -42595
-29618 82879
63695 -51323
-35569 -54033
92236 -50902
86718 63598
-79321 15452
-54527 -24808
-61718 57421
79345 -38151
-89166 50407
43858 11698
9586 -26279
-78118 -86224
