23
2
82
45
25
64
50
38
17
95
29
71
75
98
14
70
14
92
89
42
75
77
90
34
42
48
41
34
83
77
81
31
45
61
90
55
35
64
91
62
2
72
13
64
46
92
20
85
11
58
45
51
52
59
28
56
31
70
44
70
6
27
84
17
58
37
44
69
54
64
87
54
12
17
55
81
25
91
41
93
47
86
61
18
13
92
47
72
55
95
69
80
30
83
75
20
41
3
5
33
45
91
70
43
24
9
83
91
3
70
68
77
60
7
45
98
19
25
38
32
89
22
86
12
17
65
81
62
66
15
62
32
34
17
29
90
54
85
44
57
61
83
76
84
50
25
59
84
64
85
43
43
47
68
75
14
10
54
47
40
10
2
86
7
24
8
79
57
2
34
66
44
80
68
38
55
2
34
8
86
20
25
16
71
61
44
96
39
43
25
61
51
59
27
31
91
12
75
64
17
82
41
49
59
78
38
6
62
16
84
93
44
28
48
13
89
16
92
45
17
76
33
17
53
12
68
44
89
56
79
58
14
89
52
12
33
46
83
41
24
77
92
5
92
92
82
82
75
83
63
84
83
61
44
75
29
34
93
47
56
44
47
57
73
84
11
12
27
70
17
52
62
13
95
86
58
17
62
92
3
62
4
68
58
67
3
98
17
39
8
62
9
8
78
31
54
53
86
62
32
47
45
23
75
61
79
54
95
25
96
45
99
19
34
61
38
62
2
4
73
77
77
2
77
24
90
25
79
31
13
53
83
79
47
86
27
98
82
13
58
12
30
35
81
49
96
10
30
20
67
20
12
29
43
17
17
34
25
52
76
54
57
98
80
24
72
43
84
25
12
44
13
99
97
68
65
66
18
85
24
79
89
31
74
68
71
70
17
84
99
11
31
44
58
54
61
83
9
51
86
65
24
24
33
1
92
81
9
64
98
81
77
66
26
92
64
90
54
31
62
18
87
61
68
84
53
86
51
23
25
93
24
89
71
45
81
1
16
0
67
3
50
55
76
47
14
53
83
28
6
54
76
4
59
91
46
58
39
31
25
66
1
14
1
44
7
66
16
12
77
38
61
78
76
52
2
79
98
68
54
79
72
48
71
92
80
61
24
75
24
59
56
78
17
90
43
45
91
33
2
38
69
70
10
4
56
71
73
54
84
36
91
77
11
1
18
52
92
24
48
11
44
98
90
39
0
44
51
11
1
61
61
62
68
9
89
65
92
61
63
85
54
19
43
2
98
66
54
73
36
58
61
69
30
33
20
81
99
39
25
7
48
81
13
89
34
25
95
65
53
19
43
10
79
85
71
28
78
93
28
96
43
43
80
31
44
7
75
56
83
92
14
14
50
93
33
44
85
44
93
40
61
73
71
54
28
61
33
9
25
62
0
45
61
25
68
42
39
66
38
95
17
90
57
20
95
78
17
54
76
16
62
73
0
17
38
82
16
89
91
72
3
71
59
38
16
16
77
86
10
66
39
43
8
66
30
82
1
38
93
19
0
39
73
58
28
19
44
76
44
39
84
81
61
95
64
24
90
30
90
64
95
68
38
59
66
85
28
92
89
12
85
58
99
10
55
8
61
70
50
11
76
39
95
49
92
61
83
10
93
57
57
54
99
62
68
24
11
83
71
10
61
76
66
61
89
4
77
19
30
20
72
28
32
86
55
89
59
37
62
64
54
5
84
91
17
13
93
7
67
1
19
21
43
63
86
77
48
56
59
54
70
56
3
31
22
61
46
20
16
13
61
2
24
91
43
86
63
59
92
50
90
79
10
53
5
22
0
54
86
83
61
86
82
61
58
61
13
38
15
43
9
62
70
27
31
76
58
10
41
44
65
46
1
71
80
84
72
59
28
47
96
31
85
86
64
85
33
89
19
52
31
41
87
61
81
48
6
61
65
0
99
25
99
42
8
15
15
62
20
19
43
25
36
56
61
10
73
14
50
66
17
39
82
75
54
56
68
89
39
39
66
25
65
61
70
74
61
44
91
29
30
70
61
33
77
76
98
54
44
14
20
93
66
94
2
68
99
43
13
12
50
31
17
54
39
41
45
32
81
56
51
19
47
88
58
54
31
4
68
30
28
68
33
76
50
60
61
45
96
61
54
86
34
66
90
9
98
62
1
77
43
66
39
61
83
67
19
25
74
9
10
89
68
10
66
60
99
7
4
98
43
89
33
44
69
25
72
81
42
92
76
17
54
36
80
71
68
16
66
68
75
45
54
8
1
28
3
24
33
73
68
17
86
1
71
84
74
69
11
